time,x,y,z,phi,theta,psi,x_velocity,y_velocity,z_velocity,phi_velocity,theta_velocity,psi_velocity,rotor_speed1,rotor_speed2,rotor_speed3,rotor_speed4
0.08,-7.871494483995506e-07,7.159762516630823e-08,10.002460145996372,3.345684168643004e-05,0.0003361154847869585,0.0,-4.994219161250002e-05,4.746044323761287e-06,0.0615007833570016,0.0011101711242946905,0.010725043253430088,0.0,419.35485377468325,420.05279170668086,419.1794659292805,419.25179234072687
0.16,-2.6743222870953092e-05,1.2249864563424731e-06,10.01325463950831,6.282409436589983,0.0020392914809272966,0.0,-0.0008097933855489985,-4.2683093511784604e-05,0.20833761387125227,-0.03394877317509605,0.03619299499976931,0.0,438.54067874914796,440.12416748259517,441.98225338314876,439.81023797506134
0.23999999999999996,-0.00019352950598759854,-5.566653172457776e-05,10.03668006540081,6.2788866948482855,0.004951926824060315,0.0,-0.0037928526365094933,-0.001858441204437951,0.37723634917521065,-0.0648016171985919,0.036764714130465205,0.0,445.2746817786549,445.3103528122928,446.3689312174162,444.47560230035447
0.32,-0.0007463151675234218,-0.00044518938830443046,10.07974569896446,6.273586079780152,0.008395949358502186,0.0,-0.010593922026485243,-0.008788134602538676,0.6991924164264286,-0.06874773437306025,0.0524919181491272,0.0,479.5912675431137,480.48706648146486,479.9185982092223,479.6910276586971
0.4000000000000001,-0.0019825571228499557,-0.001601487667041994,10.146149168262065,6.267571540727623,0.01196875594962954,0.0,-0.02093144231638413,-0.021068996995796292,0.9606164532157494,-0.0873357392732944,0.02938870775534375,0.0,468.5792906913286,467.23154622215964,466.6161041419058,465.52240897595965
0.48000000000000015,-0.004194007900479812,-0.00402312964687104,10.234682326476522,6.2613005159073545,0.013931385037047939,0.0,-0.0347031856169389,-0.04055651952081611,1.2522995958948566,-0.06547661162275636,0.015655294730748986,0.0,474.48204698885326,473.69078410277865,473.59474332982546,474.8492774064484
0.5600000000000002,-0.007546400688276895,-0.008196988382487601,10.343936183856574,6.25691622670886,0.015588089422749363,0.0,-0.049342879939724346,-0.0645143608124448,1.4786495565562825,-0.03977607549053821,0.028448449368774123,0.0,459.03414364314136,459.7948172354593,460.2452320629477,461.766092645962
0.6400000000000002,-0.01207601484653093,-0.014332747926927484,10.466966446925632,6.253706031286642,0.01814103982118276,0.0,-0.06424168874563708,-0.08932520429863289,1.596864126504978,-0.04071653124537548,0.03735249674722219,0.0,436.04632938732374,436.604192007276,434.9398608073835,434.87992215930103
0.7200000000000003,-0.01804036093517627,-0.02280467508879789,10.607199228550593,6.250163173542969,0.021067107265127838,0.0,-0.08535937840925033,-0.12304254550435076,1.9082636806536892,-0.05064241728508446,0.035263637155146375,0.0,480.88947661968734,480.7713015701032,479.6621392703837,479.0955280744779
0.8000000000000004,-0.025682888633841352,-0.033914526976202994,10.765767382852344,6.245605237094971,0.025236278774988463,0.0,-0.1062471112381593,-0.15532863286169443,2.0555434459514608,-0.06891144397452399,0.0739517771026243,0.0,443.05004290864883,445.4308436639653,444.34530614475375,443.21838133511545
0.8800000000000004,-0.035289873136659294,-0.047946675007666986,10.940164428609886,6.2396187187245395,0.0334693704267659,0.0,-0.13513945367210917,-0.1963867392387813,2.3036432709873855,-0.08589139599624812,0.13540738920877454,0.0,465.7545010732204,469.3531256907429,468.53847917424537,467.54323034785455
0.9600000000000005,-0.047267937690273217,-0.06512319537574966,11.125568865306507,6.2332234486979665,0.04432510279505841,0.0,-0.16568741009004861,-0.23385167619215025,2.3312866619949983,-0.07096008072367609,0.13617558649229825,0.0,415.8115716592438,415.8804382842536,417.1104447087275,418.0815962109091
1.0400000000000005,-0.06225133569427436,-0.08572526440100013,11.317614004507082,6.227519900287859,0.054992040316280466,0.0,-0.21042883108497276,-0.2819970208099713,2.469299725287351,-0.07185440722127658,0.1283577526714822,0.0,444.395454403209,443.93096382192834,443.7432456499354,443.6842680095588
1.1200000000000006,-0.08116972099431627,-0.11035737675130651,11.520086241426611,6.2211280601934185,0.06478909912916464,0.0,-0.2639232670824819,-0.3346525087125181,2.5919663423257946,-0.09565103225097296,0.11146388517239927,0.0,441.52976602132605,440.49685740402754,442.0152229092128,440.53660200944137
1.2000000000000006,-0.10477993029907427,-0.1395017663369581,11.733240963918545,6.214603702131841,0.07523151290613228,0.0,-0.3277550506185871,-0.3949163288808281,2.7362306656916355,-0.06262323690982416,0.15453876035070374,0.0,445.43068496837265,448.07971209853304,446.46468177634534,448.4754575447712
1.2800000000000007,-0.13408222700695316,-0.17384313971799087,11.960066081250059,6.209264967953674,0.08850823327130453,0.0,-0.40674522889533044,-0.46436124624312475,2.9334453903759297,-0.0741329010709602,0.18185285574632326,0.0,459.3447436248818,460.9913229131375,461.0948455718738,460.40920659713
1.3600000000000008,-0.1704811493695929,-0.21414953861190597,12.205193537876525,6.203500198487944,0.10284470505225585,0.0,-0.5054902854527856,-0.5441579097313869,3.1933992769295347,-0.06872831158715469,0.17458318966788502,0.0,476.778358237078,476.39024004619586,475.4117192034467,475.7185578219631
1.4400000000000008,-0.2149994778774846,-0.26078797388228325,12.46750816721624,6.198017707965004,0.11646773830315471,0.0,-0.609444813915109,-0.6225478048450809,3.3634018349704977,-0.06820387031505162,0.16253896918655802,0.0,458.6239433893361,457.93269452529114,457.0490179308035,457.07696284713245
1.520000000000001,-0.26907638740236495,-0.314425339629331,12.749395425776157,6.193234476926776,0.12866060341929053,0.0,-0.7444640465402281,-0.7191023872477336,3.681937763687716,-0.04755247401735902,0.13156535443718592,0.0,493.8090917952356,492.1115318612953,491.35929628593703,492.5039879325964
1.600000000000001,-0.3337484335047527,-0.3754801378649983,13.051176509682994,6.189558144724149,0.1398138796697017,0.0,-0.8738739331849446,-0.8077312352241084,3.8613404859071587,-0.04336446090009078,0.15092087443896107,0.0,464.0408526232769,465.1960346116116,463.48479285532,463.7304557024766
1.680000000000001,-0.40830811005678935,-0.4431612761412522,13.360917061742686,6.187267341917817,0.15104842390295659,0.0,-0.9915558688478375,-0.8846023045872653,3.8816861796581263,-0.009009061383351852,0.1186386108457417,0.0,428.75753799704216,426.71423784249777,427.1367114615516,429.3282328414896
1.7600000000000011,-0.4934668000420457,-0.5175662246568652,13.67761151201674,6.1872873358542755,0.1604975504848012,0.0,-1.1386777635288463,-0.9754636813187603,4.03452349777079,0.013560300167821589,0.11723275568056839,0.0,460.56319736837736,460.49178590017,460.0003912805789,461.338974120546
1.8400000000000012,-0.590776756326164,-0.5992382520184287,14.006607419469796,6.188990276828697,0.16956253448935055,0.0,-1.2952841079795205,-1.0660269940485576,4.189176790026459,0.032645158017707995,0.10628736186212,0.0,462.7063439488537,462.07043133819934,462.50839321554133,463.6344435391962
1.9200000000000013,-0.7002382071099986,-0.6876941251247349,14.343786651311389,6.191642171199915,0.17791910038509862,0.0,-1.4423055963814932,-1.1449975818217313,4.239676602009065,0.033980230313833945,0.10130671291239385,0.0,439.12836681177527,438.8280188999902,440.47070478336906,440.55395276417596
2.0000000000000013,-0.8219515139066172,-0.7824856208911863,14.686083393125509,6.193844312098317,0.18542359985156853,0.0,-1.6014965961459033,-1.2244289326024684,4.316937837599199,0.015322854278811956,0.07930129512664516,0.0,448.186752147992,446.85051061051945,447.47186240545,446.33136317862255
2.0800000000000014,-0.9559676094620966,-0.8832457548243698,15.030873422882637,6.194933508171257,0.19181236708936922,0.0,-1.7497029064724363,-1.294448669737612,4.302531858347521,0.010678694599962778,0.08078020367962306,0.0,425.4311952236758,425.5316009881891,426.3625992292349,426.06476731544035
2.1600000000000015,-1.104238049792965,-0.9905644148123196,15.385597114888052,6.195796783880201,0.1983302379461822,0.0,-1.9578360178749084,-1.3882405452263027,4.563574547979612,0.010977661490904414,0.08261372594997643,0.0,490.74957519223534,490.85632825295636,491.39267302654713,491.4091589619496
2.2400000000000015,-1.2668661071369764,-1.1042431705510065,15.748417069571321,6.195939825115893,0.20596876992571733,0.0,-2.1087879979468886,-1.4537116334829323,4.506812474821263,-0.016727333373390454,0.11304946616298868,0.0,416.97386305621967,418.97174709601455,420.22298705982996,418.4176297247163
2.3200000000000016,-1.4441239021414605,-1.2241241142446737,16.11748685497117,6.195253690883629,0.21568188393995147,0.0,-2.323866640148541,-1.5433170395433247,4.717943871004724,0.003331544071846198,0.13358145019776613,0.0,482.53310433149073,483.70622142394285,482.8265119436541,483.9604155804474
2.4000000000000017,-1.638150325928269,-1.3508525901078252,16.499490870302512,6.194617776645035,0.2265940305394354,0.0,-2.528151904808688,-1.6248496330759312,4.8306763408693,-0.03193083970679054,0.1408740743854582,0.0,464.1041367156496,464.5495940973421,464.02904808877935,461.9480122362737
2.4800000000000018,-1.8470538172364128,-1.483427924247494,16.882354790549808,6.193005383282491,0.2384105945675259,0.0,-2.695833042525318,-1.689767446945476,4.740732432788958,-0.003822696809556661,0.15787386333483205,0.0,415.2399840566117,416.37912588786304,414.98209091642906,416.8287073427552
2.560000000000002,-2.0713597971394386,-1.6218310260079811,17.264518898628403,6.191637403479785,0.25131294598186393,0.0,-2.913398289436777,-1.7703559880556512,4.811932976624124,-0.046989074196876014,0.16662629758037553,0.0,457.2491948595142,457.79580395697144,456.9593242512652,454.37069184597334
2.640000000000002,-2.312367259716089,-1.7663362131350808,17.647733265533404,6.186931615963772,0.2644620359999035,0.0,-3.1133649653354367,-1.8427490120829162,4.767657934525206,-0.08434473106004134,0.16044013669313004,0.0,430.6657041074535,430.29974366470844,431.50072823560265,429.12570943022365
2.720000000000002,-2.569393478326248,-1.9166451861700233,18.025827529325216,6.181280963030385,0.27774883484393076,0.0,-3.31384893922214,-1.9156180650185026,4.684105676674552,-0.052121760363529446,0.17463685549907837,0.0,420.73817857077046,421.68709045351886,420.90674019607843,422.98907839384776
2.800000000000002,-2.8433680557668994,-2.0731038193580162,18.39880846217352,6.177303154476618,0.291493010347601,0.0,-3.5371570637237575,-1.9962726741271486,4.639445001207396,-0.045887774562385394,0.1668333987060585,0.0,432.4678784069423,432.0037755027149,432.9484669442906,433.3401176216161
2.880000000000002,-3.136896859220436,-2.2365673515354105,18.77214670731055,6.172950516420471,0.3049164862883682,0.0,-3.802649217910021,-2.09072133235507,4.692196948671458,-0.0712881102691488,0.16936389799571835,0.0,458.8770818127569,459.0536936243072,458.9414066154489,457.4245746349064
2.960000000000002,-3.451295299715145,-2.407440104435625,19.146807332496028,6.166460942690364,0.31865242109381153,0.0,-4.058911379222638,-2.181739759698962,4.672872889450135,-0.10122342575247813,0.17543070060592764,0.0,443.22230850535243,443.62452341831477,444.8565428437269,443.0083121472881
3.0400000000000023,-3.786868324492772,-2.5858730115524837,19.52032283159523,6.1583915447964195,0.33187480595597574,0.0,-4.3319716675752264,-2.279925726573065,4.663311026311648,-0.10027857480719762,0.1443796674314458,0.0,449.57809162080656,447.7122475627921,448.4686431366165,448.51751975611245
3.1200000000000023,-4.143657100787639,-2.772006230230938,19.88977633526657,6.152101494776119,0.34371748940317826,0.0,-4.589166926548533,-2.374088341780506,4.571996234823115,-0.05219611600705891,0.1537480530367418,0.0,429.46528854381756,430.08229785550805,429.23294045438604,432.2772604327873
3.2000000000000024,-4.5240753583740725,-2.96679499094176,20.25903064730433,6.1474560088683035,0.3555322192621304,0.0,-4.9225792918681694,-2.495992835442219,4.6567698049562996,-0.06903094558732806,0.13633127523104588,0.0,475.97071951056637,474.98857827135373,477.2001057622903,476.23298539529895
3.2800000000000025,-4.932248595048679,-3.1717222361134536,20.636428568010633,6.1413859148129255,0.36774344956759464,0.0,-5.28292382647875,-2.6276892818486997,4.775053533277772,-0.0889241635584497,0.17390186664264723,0.0,486.5147443631143,488.63953204111,489.00909215311236,487.8921260881084
3.3600000000000025,-5.37105921150222,-3.387872296296909,21.02624653160092,6.133056753917746,0.3815163976724767,0.0,-5.688574684710833,-2.7767406281202627,4.966095336668038,-0.14046205551976254,0.16917434717128635,0.0,509.17141692257366,508.94197694847776,511.6261527179465,508.8572284562513
3.4400000000000026,-5.840124770203171,-3.615224297270266,21.424127638525995,6.122747614159447,0.39497031502099844,0.0,-6.039373455558202,-2.908035544222276,4.977993387055082,-0.11275724386883114,0.1664795578949655,0.0,473.9973419780102,473.8670942743772,473.30236830631674,474.88488510497876
3.5200000000000027,-6.334963871112606,-3.852293795946199,21.816055247445714,6.115170318651476,0.40782892663764336,0.0,-6.333138211428055,-3.0193998081054922,4.818879339369214,-0.07169855806483344,0.1500477565088191,0.0,435.124332324154,434.1162015969155,433.6945531954183,436.26564986162964
3.6000000000000028,-6.854131561489416,-4.09859603957008,22.195919833160186,6.110498652183541,0.4200938205936371,0.0,-6.647507695561499,-3.138559825868939,4.676230905599924,-0.040334824930850936,0.15844732169535436,0.0,440.754717107783,441.2975438854721,440.84480227518355,442.7821544083679
3.680000000000003,-7.401055857116015,-4.355370012579194,22.568862558531503,6.106699624968371,0.4323487708204752,0.0,-7.02681319858501,-3.2809041639635668,4.644544160708929,-0.06122147740022578,0.1435049062906748,0.0,474.64927689409575,473.80865512491687,471.8104138644706,470.59778177727696
3.760000000000003,-7.975858593251375,-4.622524474833639,22.932692448911034,6.1015735292438755,0.44400796443977253,0.0,-7.3447657348669315,-3.3983786797298423,4.449897970116182,-0.06908881268721756,0.1493182817818204,0.0,434.42275779057843,434.8086906125094,434.8093294431717,434.31144492751633
3.840000000000003,-8.575878730750526,-4.898956907588847,23.279354264707678,6.095549280725109,0.45521460368135624,0.0,-7.657336502403876,-3.512935836302837,4.2155430939456044,-0.08698619225428665,0.12149094389869945,0.0,426.760107670706,424.99325580703373,426.6338596014681,425.48101703199796
3.920000000000003,-9.205692880634851,-5.186368042930766,23.615745089051664,6.089490287470397,0.4638696017433892,0.0,-8.08878247776975,-3.672688107559255,4.190903479588538,-0.06003021347350733,0.07825705503825958,0.0,483.9680716962896,481.52952307977836,483.59479831682233,485.11148394145613
4.000000000000003,-9.868865214344396,-5.48611846813973,23.946738585417325,6.084775291757907,0.46867915963972795,0.0,-8.49134681450455,-3.8213855653811817,4.081687569546191,-0.057151718495710276,0.011143611824171503,0.0,468.93100504278306,465.00535996945496,467.0456213723032,467.2117796785152
4.080000000000001,-10.562314411671515,-5.797024756888804,24.264369009595733,6.079953655274037,0.46881875016335783,0.0,-8.846006662399239,-3.9518133526196966,3.858330050657104,-0.06577499852966148,-0.017289311589280397,0.0,440.22411873609605,438.4554149217942,440.5630569036264,440.0251745273634
4.159999999999999,-11.285422528245713,-6.118911556650832,24.565881620576832,6.075283267593495,0.46776558205499263,0.0,-9.232596893824173,-4.095880091794496,3.678336513690043,-0.04745896218979679,-0.0067528517159952985,0.0,453.188757527365,453.8238175825969,451.69337289850006,452.7978264129161
4.2399999999999975,-12.040023057784472,-6.452578602481918,24.853311719562825,6.070540114894133,0.46759793971829566,0.0,-9.633404837252296,-4.246245981648126,3.5060018096294883,-0.08480376481641727,0.005083625934462375,0.0,455.4108953251708,456.12068835357826,459.2926097064564,457.0623945366614
4.319999999999996,-12.827691636691437,-6.798721013794926,25.128003726800696,6.064017681748812,0.46764327837803865,0.0,-10.059216066791626,-4.407896861760688,3.35931750822645,-0.07637525355941197,-0.007636415326181209,0.0,466.612336574217,465.866735062745,466.23930170499426,466.7280341044986
4.399999999999994,-13.648611054872164,-7.1574854446742915,25.388422644078126,6.056925041208302,0.4666033437399868,0.0,-10.465052505989364,-4.5618951823730685,3.1497855080006794,-0.11547634589233241,-0.022908684375670643,0.0,453.8157174158464,452.89516247480395,453.66335801998633,451.2947418506651
4.479999999999992,-14.501955229762121,-7.528597179729975,25.630995986044404,6.0485362007980825,0.46483967887145106,0.0,-10.87001433182476,-4.716769624972328,2.9133099847138655,-0.0899091829249823,-0.020629524165752408,0.0,447.31503470315477,447.4542515134996,447.906532464477,449.4541203575027
4.559999999999991,-15.389191486998815,-7.912826726927778,25.856476204724906,6.040774866292971,0.46289805573097276,0.0,-11.31222929612325,-4.8897006280912345,2.7218795754753455,-0.11063982169826744,-0.030765273089415582,0.0,461.749549291126,461.14919107030147,463.7967831079634,462.5658146920781
4.639999999999989,-16.311072503211314,-8.310562083901537,26.064058689250174,6.03299796530839,0.46085956447291654,0.0,-11.736593752408101,-5.054539395718106,2.4663795698163655,-0.07901755170642089,-0.017418028021141826,0.0,447.68121216619204,448.4951614714,447.35990554437717,449.2792578977477
4.719999999999987,-17.268895647681685,-8.722443567102296,26.25381047716129,6.02823006883294,0.4594576252220639,0.0,-12.210631343017482,-5.243010362906461,2.2753022954093747,-0.035237088722026855,-0.017701583198461865,0.0,467.4153843370062,467.398895809747,466.8857859385243,469.43874855006317
4.799999999999986,-18.266774539723595,-9.150376866997359,26.43104474072985,6.025102472835854,0.45722675942400226,0.0,-12.737796014268984,-5.455518789255219,2.152715997083283,-0.04600567249694643,-0.048914842012277866,0.0,489.1142474385092,487.3668504403522,489.5808513043774,488.97874178961865
4.879999999999984,-19.303046457444694,-9.593203334655266,26.58955793614879,6.02083224287027,0.4539093489289554,0.0,-13.17190257480698,-5.6159539880610625,1.809599483404405,-0.06760107161688593,-0.03047646539082271,0.0,434.7210569726248,435.8777177550824,434.7165543487544,433.35464906943196
4.959999999999982,-20.378964266821978,-10.05130115082419,26.728697772896776,6.015146774579378,0.45227053932249106,0.0,-13.727905667573658,-5.836916695759633,1.6656871196077636,-0.07722912983091033,-0.006275101544145518,0.0,489.00246432433244,490.35315389597764,488.56259067032715,488.0203204942425
5.0399999999999805,-21.4966309338049,-10.525413154862587,26.849053186195853,6.008274765040355,0.4513386259933654,0.0,-14.216788579659239,-6.016662917842337,1.3414550758693031,-0.10313297589520791,-0.021581299952541152,0.0,447.8341347471696,446.89914807313886,447.94174229830963,446.35218197637465
